99
2525 1
2400 5
300 2
120 60
60 90
1000000000 2
998000000 1
999000000 1
773576755 1
178765658 5684
1000000000 1
999999999 10000
560422920 1
169363067 4798
623151337 1
314399787 4219
729631392 1
418841094 7818
201470376 1
184557013 1702
1000000000 2
100 10000
200 10000
175539345 1
87778043 296
674772356 1
538397817 4945
273536121 1
83683854 9000
237088540 1
79798276 4946
55949851 1
42118235 916
165964421 1
13274650 9969
604551258 1
407098939 9696
192991531 1
137556840 1489
776065643 1
427829076 1372
741609609 1
137698514 7524
453106084 1
394214546 274
1000000000 2
12345676 2
12345675 3
248911582 1
47963234 7503
449198079 1
288148722 4621
606174699 1
107367884 4848
934921696 1
208778048 5276
444366827 1
432981478 3896
1000000000 1
1 1
996957423 1
106486046 6786
581379045 1
363676821 7446
281261320 1
141290386 8862
855007347 1
640358004 4888
433038421 1
301074610 3692
59800476 1
18779653 2184
579484366 1
227235890 7996
294762087 1
145254327 5121
704274312 1
428846468 9402
2 1
1 1
898122865 2
609268373 2971
6527125 9380
493824361 1
420634728 3901
875299412 1
192273578 6931
356315148 1
218674217 1022
256910092 1
67230853 9021
630259651 1
605396363 3395
43429857 1
30396360 6712
733565494 1
89685707 5187
419757486 1
294426140 3985
2 1
1 10000
369396315 1
74556807 9218
972614529 1
768396934 6251
162491270 1
93720979 9869
517395521 1
287297116 8593
836579394 1
201617727 5267
394930652 1
140335079 473
684461402 1
456970618 8794
7515371 1
159029 6868
858730132 1
260253695 7693
373522034 1
329845535 285
483322257 1
144897894 8215
1000000000 1
999999999 1
148891382 1
15080761 2497
236030027 1
169281206 3045
592017382 1
561855931 3603
853707553 1
515794120 8224
1000000000 2
999999998 2
999999997 3
1000000000 2
999000000 10000
998000000 10000
132033516 1
29646763 9399
816459713 1
812526813 1070
294547967 1
122113343 5120
424431240 1
311140097 2904
662540794 1
387465858 3822
853181549 1
227560327 139
1000000000 2
999999997 2
999999996 3
521975446 1
439928683 9788
200000 2
5001 1
5000 8
196425665 1
154041968 3033
409473106 1
22800377 7462
1000000000 2
2 2
1 3
441695773 1
308545041 7726
425924347 1
49757594 6987
814215220 1
299891098 2222
983972654 1
791189358 7035
804314989 1
589443263 2860
1000000000 1
1 10000
461970847 2
298762037 5069
189480774 1673
410153464 1
75652112 4832
590614093 1
589159128 4991
420756873 1
417831883 5703
56350417 1
29096249 5008
263639008 1
24469937 6820
770089674 1
127819458 1576
66772101 1
64917695 7886
128307155 1
44094595 14
1000000000 2
999999998 3
999999999 2
647160736 1
613234773 6462
238944737 1
234536896 5575
904622919 1
819261556 2929
942284215 1
641779649 2449
899495868 1
447022732 7383
