50
	0
        3
        3
        5
        8
        11
        13
        22
        22
        25
        27
        29
        30
        31
        32
        34
        38
        42
        42
        44
        46
        48
        50
        52
        53
        55
        55
        56
        58
        59
        64
        66
        70
        71
        72
        73
        73
        73
        77
        79
        80
        80
        84
        84
        91
        92
        92
        97
        100
        100