9
0 2
3 0
2 4
0 1
1 5
0 4
5 2
0 5
2 1
6
0 1
0 2
1 3
1 4
2 5
2 6
8
0 1
0 2
1 3
1 4
2 5
2 6
3 4
5 6
4
p0 1
1 2
0 2
2 3
5
0 1
1 2
0 2
2 3
0 3
63
0 1
1 2
2 0
0 3
3 4
4 5
5 0
0 6
6 7
7 8
8 9
9 0
0 10
10 11
11 12
12 13
13 14
14 0
0 15
15 16
16 17
17 18
18 19
19 20
20 0
0 21
21 22
22 23
23 24
24 25
25 26
26 27
27 0
0 28
28 29
29 30
30 31
31 32
32 33
33 34
34 35
35 0
0 36
36 37
37 38
38 39
39 40
40 41
41 42
42 43
43 44
44 0
0 45
45 46
46 47
47 48
48 49
49 50
50 51
51 52
52 53
53 54
54 0
20
0 1
1 2
2 3
3 4
4 5
5 6
6 7
7 8
8 9
9 10
10 11
11 12
12 13
13 14
14 15
15 16
16 17
17 18
18 19
19 20
61
0 1
1 2
2 3
3 4
4 5
5 6
6 7
7 8
8 9
9 10
10 11
11 12
12 13
13 14
14 15
15 16
16 17
17 18
18 19
19 20
0 21
21 22
22 23
23 24
24 25
25 26
26 27
27 28
28 29
29 30
30 31
31 32
32 33
33 34
34 35
35 36
36 37
37 38
38 39
39 0
20 40
40 41
41 42
42 43
43 44
44 45
45 46
46 47
47 48
48 49
49 50
50 51
51 52
52 53
53 54
54 55
55 56
56 57
57 58
58 59
59 20
40
0 1
1 2
2 3
3 4
4 5
5 6
6 7
7 8
8 9
9 10
10 11
11 12
12 13
13 14
14 15
15 16
16 17
17 18
18 19
19 20
20 21
21 22
22 23
23 24
24 25
25 26
26 27
27 28
28 29
29 30
30 31
31 32
32 33
33 34
34 35
35 36
36 37
37 38
38 39
39 0
45
0 1
1 2
2 0
1 3
3 4
4 1
2 5
5 6
6 2
3 7
7 8
8 3
4 9
9 10
10 4
5 11
11 12
12 5
6 13
13 14
14 6
7 15
15 16
16 7
8 17
17 18
18 8
9 19
19 20
20 9
10 21
21 22
22 10
11 23
23 24
24 11
12 25
25 26
26 12
13 27
27 28
28 13
14 29
29 30
30 14
133
0 1
1 2
2 3
3 0
1 4
4 5
5 6
6 1
2 7
7 8
8 9
9 2
3 10
10 11
11 12
12 3
4 13
13 14
14 15
15 4
5 16
16 17
17 18
18 5
6 19
19 20
20 21
21 6
7 22
22 23
23 24
24 7
8 25
25 26
26 27
27 8
9 28
28 29
29 30
30 9
10 31
31 32
32 33
33 10
11 34
34 35
35 36
36 11
12 37
37 38
38 39
39 12
13 40
40 41
41 13
14 42
42 43
43 14
15 44
44 45
45 15
16 46
46 47
47 16
17 48
48 49
49 17
18 50
50 51
51 18
19 52
52 53
53 19
20 54
54 55
55 20
21 56
56 57
57 21
22 58
58 59
59 22
23 60
60 61
61 23
24 62
62 63
63 24
25 64
64 65
65 25
26 66
66 67
67 26
27 68
68 69
69 27
28 70
70 71
71 28
29 72
72 73
73 29
30 74
74 75
75 30
31 76
76 77
77 31
32 78
78 79
79 32
33 80
80 81
81 33
34 82
82 83
83 34
35 84
84 85
85 35
36 86
86 87
87 36
37 88
88 89
89 37
38 90
90 91
91 38
39 92
92 93
93 39
45
0 1
1 2
2 0
2 3
3 4
4 2
2 5
5 6
6 2
4 7
7 8
8 4
4 9
9 10
10 4
6 11
11 12
12 6
6 13
13 14
14 6
8 15
15 16
16 8
8 17
17 18
18 8
10 19
19 20
20 10
10 21
21 22
22 10
12 23
23 24
24 12
12 25
25 26
26 12
14 27
27 28
28 14
14 29
29 30
30 14
112
0 1
0 9
1 2
2 3
3 4
4 5
5 6
5 52
6 7
7 8
7 14
8 9
8 10
8 21
8 31
10 11
10 13
11 12
11 38
12 13
14 15
14 20
15 16
15 27
16 17
17 18
18 19
19 20
19 43
21 22
21 26
21 90
22 23
23 24
23 82
24 25
25 26
26 80
27 28
27 30
27 51
27 61
28 29
29 30
31 32
31 37
32 33
33 34
34 35
35 36
36 37
38 39
38 42
38 53
39 40
40 41
41 42
43 44
43 50
44 45
45 46
46 47
47 48
48 49
49 50
49 70
53 54
53 60
54 55
55 56
56 57
57 58
58 59
59 60
61 62
61 69
62 63
63 64
64 65
65 66
66 67
67 68
68 69
70 71
70 79
71 72
72 73
73 74
74 75
75 76
76 77
77 78
78 79
80 81
82 83
82 89
83 84
84 85
85 86
86 87
87 88
88 89
90 91
90 99
91 92
92 93
93 94
94 95
95 96
96 97
97 98
98 99
229
0 1
0 19
0 142
1 2
1 7
1 24
2 3
3 4
3 27
3 30
4 5
5 6
6 7
7 8
8 9
8 20
9 10
9 14
10 11
10 15
11 12
12 13
13 14
15 16
15 18
15 188
16 17
17 18
20 21
20 23
21 22
21 62
22 23
24 25
24 26
25 26
26 35
27 28
27 29
28 29
28 156
30 31
30 34
31 32
32 33
33 34
34 183
35 36
35 44
36 37
37 38
38 39
39 40
39 67
40 41
41 42
41 53
42 43
42 45
42 64
42 104
43 44
45 46
45 52
46 47
46 92
46 138
46 199
47 48
47 137
48 49
49 50
50 51
51 52
53 54
53 61
53 115
54 55
54 74
55 56
55 84
56 57
57 58
58 59
59 60
60 61
62 63
64 65
64 66
65 66
67 68
67 73
68 69
69 70
70 71
71 72
71 152
72 73
74 75
74 83
75 76
76 77
77 78
78 79
79 80
80 81
81 82
82 83
82 140
83 136
84 85
84 91
85 86
86 87
87 88
87 101
88 89
88 167
89 90
90 91
92 93
92 100
93 94
94 95
95 96
96 97
96 164
96 187
97 98
97 119
98 99
99 100
101 102
101 103
102 103
104 105
104 109
105 106
105 127
106 107
107 108
108 109
108 110
110 111
110 114
111 112
112 113
113 114
115 116
115 118
116 117
117 118
118 173
119 120
119 126
120 121
121 122
122 123
123 124
124 125
125 126
127 128
127 135
128 129
129 130
130 131
131 132
132 133
133 134
134 135
138 139
140 141
142 143
142 151
143 144
144 145
145 146
146 147
147 148
148 149
149 150
150 151
152 153
152 155
153 154
154 155
156 157
156 163
156 191
157 158
158 159
159 160
160 161
161 162
162 163
164 165
164 166
165 166
167 168
167 172
168 169
169 170
170 171
171 172
173 174
173 182
174 175
175 176
176 177
177 178
178 179
179 180
180 181
181 182
183 184
183 186
184 185
185 186
188 189
188 190
189 190
191 192
191 198
192 193
193 194
194 195
195 196
196 197
197 198
226
0 1
0 8
1 2
2 3
3 4
3 33
4 5
4 13
4 38
4 44
5 6
5 67
6 7
6 163
7 8
7 9
8 23
9 10
9 12
10 11
11 12
11 190
13 14
13 22
13 93
13 101
14 15
15 16
16 17
17 18
18 19
19 20
20 21
21 22
23 24
23 32
24 25
25 26
26 27
26 48
26 77
27 28
27 109
28 29
29 30
30 31
31 32
33 34
33 37
34 35
35 36
35 92
36 37
38 39
38 43
39 40
40 41
41 42
41 127
42 43
44 45
44 47
44 83
45 46
46 47
48 49
48 57
49 50
50 51
50 58
51 52
52 53
53 54
54 55
55 56
56 57
58 59
58 66
59 60
60 61
60 91
61 62
61 179
62 63
63 64
64 65
65 66
65 169
67 68
67 76
68 69
69 70
70 71
71 72
72 73
72 135
73 74
74 75
75 76
77 78
77 82
78 79
79 80
80 81
81 82
83 84
83 90
84 85
85 86
86 87
87 88
87 123
88 89
89 90
93 94
93 100
93 136
94 95
95 96
96 97
97 98
97 119
98 99
99 100
99 153
101 102
101 108
102 103
103 104
104 105
105 106
106 107
107 108
107 199
109 110
109 118
110 111
111 112
112 113
112 155
113 114
114 115
115 116
116 117
117 118
119 120
119 122
120 121
121 122
123 124
123 126
124 125
124 178
125 126
127 128
127 134
128 129
129 130
129 145
130 131
131 132
132 133
133 134
136 137
136 144
137 138
138 139
139 140
140 141
141 142
142 143
143 144
145 146
145 152
146 147
147 148
148 149
149 150
150 151
151 152
153 154
155 156
155 162
156 157
157 158
158 159
159 160
160 161
161 162
163 164
163 168
164 165
165 166
165 195
166 167
167 168
167 185
167 196
169 170
169 177
170 171
171 172
172 173
173 174
174 175
175 176
176 177
179 180
179 184
180 181
181 182
182 183
183 184
185 186
185 189
186 187
187 188
188 189
190 191
190 194
191 192
192 193
193 194
196 197
196 198
197 198
228
0 1
0 4
1 2
2 3
3 4
3 5
3 28
5 6
5 14
6 7
7 8
7 63
8 9
8 15
9 10
10 11
11 12
12 13
12 116
13 14
14 161
15 16
15 20
15 54
16 17
16 72
17 18
17 21
18 19
19 20
19 44
21 22
21 25
22 23
23 24
23 26
24 25
24 35
26 27
26 80
28 29
28 34
29 30
29 108
30 31
31 32
31 90
32 33
33 34
35 36
35 43
36 37
36 146
37 38
38 39
39 40
40 41
40 60
41 42
41 99
42 43
42 119
44 45
44 53
45 46
46 47
47 48
48 49
49 50
50 51
51 52
51 176
52 53
54 55
54 59
54 162
55 56
55 102
56 57
57 58
58 59
60 61
60 62
61 62
63 64
63 71
64 65
65 66
65 122
66 67
66 142
67 68
68 69
68 193
69 70
69 101
70 71
72 73
72 79
73 74
74 75
75 76
76 77
77 78
78 79
80 81
80 89
81 82
82 83
82 151
83 84
84 85
85 86
86 87
86 107
87 88
88 89
90 91
90 98
91 92
92 93
92 166
93 94
94 95
95 96
96 97
97 98
99 100
99 163
102 103
102 106
102 132
103 104
104 105
105 106
108 109
108 115
109 110
109 197
110 111
111 112
112 113
113 114
114 115
116 117
116 118
117 118
119 120
119 121
120 121
121 139
122 123
122 131
123 124
124 125
125 126
126 127
127 128
128 129
129 130
130 131
132 133
132 138
133 134
134 135
135 136
136 137
137 138
139 140
139 141
140 141
142 143
142 145
143 144
144 145
146 147
146 150
147 148
148 149
149 150
151 152
151 160
152 153
153 154
154 155
155 156
156 157
157 158
158 159
159 160
163 164
163 165
164 165
164 177
166 167
166 175
167 168
168 169
169 170
169 183
170 171
171 172
172 173
173 174
174 175
177 178
177 182
178 179
179 180
180 181
181 182
183 184
183 192
184 185
185 186
186 187
187 188
188 189
189 190
190 191
191 192
192 194
194 195
194 196
195 196
197 198
197 199
198 199
227
0 1
0 2
0 166
1 2
2 3
3 4
3 11
3 19
4 5
5 6
6 7
6 12
7 8
8 9
8 98
9 10
10 11
10 43
12 13
12 18
12 36
13 14
13 77
14 15
15 16
16 17
16 27
16 49
17 18
17 118
18 111
19 20
19 21
20 21
20 22
22 23
22 26
23 24
23 100
23 175
24 25
25 26
25 155
27 28
27 35
27 56
28 29
29 30
30 31
31 32
31 66
31 179
32 33
32 83
33 34
34 35
36 37
36 42
36 87
36 108
37 38
37 70
37 120
38 39
39 40
40 41
41 42
43 44
43 48
44 45
45 46
46 47
46 89
47 48
49 50
49 55
50 51
51 52
52 53
53 54
54 55
56 57
56 65
57 58
58 59
59 60
60 61
61 62
62 63
63 64
64 65
66 67
66 69
66 78
67 68
68 69
69 106
70 71
70 76
70 150
71 72
72 73
73 74
73 185
74 75
75 76
76 112
78 79
78 82
79 80
80 81
81 82
83 84
83 86
84 85
84 126
85 86
87 88
89 90
89 97
90 91
91 92
92 93
93 94
94 95
94 114
94 176
95 96
96 97
97 110
98 99
100 101
100 105
101 102
102 103
103 104
104 105
105 157
106 107
108 109
112 113
114 115
114 117
115 116
116 117
118 119
118 164
120 121
120 125
120 133
121 122
122 123
123 124
124 125
126 127
126 132
127 128
128 129
129 130
130 131
131 132
131 140
132 149
133 134
133 139
134 135
135 136
136 137
137 138
138 139
140 141
140 148
141 142
142 143
143 144
144 145
145 146
146 147
147 148
150 151
150 154
151 152
152 153
153 154
155 156
157 158
157 163
158 159
159 160
160 161
161 162
162 163
164 165
166 167
166 174
167 168
168 169
169 170
170 171
171 172
172 173
173 174
176 177
176 178
177 178
178 194
179 180
179 184
180 181
181 182
182 183
183 184
185 186
185 193
186 187
187 188
188 189
189 190
190 191
191 192
192 193
194 195
194 199
195 196
196 197
197 198
198 199
0
