28 30 32 34 36 38 40
1 4 7 9 16
7 9 13
1 3 5 8 18 21 23 40
9 11
1 5 7 11
20 22 24 27 29 31 33 36
1 4 6 9 11 14 16 51 55 57 59
10 15 18 24 26 64
4 6 9 11 23 25 27 29
17 25 27 29 31 36 38 40
1 3 5 8 51 54 56 58
16 20 23 25 27
1 9 13 15 17 19 21 23 43
24 26 28 31 33
1 3 5 7 13 40 42 45
7 9
8 10 12 15 17 32 34 38 40 42
9 11 13 19 22 24 30
26 29
29 31 33 35 38 40
11 14 16 57
1 3 5 7 36 39
24 26 28
1 3 5 7 57
10 12 14 16 18 21 23
22 24 28 31 35 37
17 19 21 23 25 27 29
7 15 17 20 31 37 39 41 43 45 47 50 52 55 57
9 11 13 16 18 27 31 33 35
17 19 21 23 25 28 30 32
12 14
19 21 23 25 27 29 31 35 38 41 43 45
12 14 20 22 24 26 29 33 35 37 39 42 44 46 48 50
17 19 31 34 36 38 40 42
13 15 17 19 21 24 32 35 38 41 44 46 48 52 54 58
1 3 5 27 31 37 39 42 44 46 51 54 56 58
1 3 5 7 9 36 38
33 36 39 41 44 46 49 51
1 3 5 8 10 30 35 37 39
8 10 14 16 20 22 24 27
29 32 34 36
1 5 9 11 27
1 3 6 9 37 41 43
10 12 15 17 20 22 24 26 36
6 8 10 18 20 23 26 28
4 6
7 9 12 24
9 11 14 18 40
4 6 8
